0.000000000000000000e+00,1.053160683428958748e+02,1.683982427994016859e+02,7.035395912772894462e+02,2.320025548831604567e+02,4.446113379657151086e+02,2.870253803382260571e+01,3.120179816741680270e+02,5.601929739012065284e+02,5.962105687311607198e+02,6.281897655838985202e+02,2.134593102090938430e+02,6.452441631650623322e+01,3.521340482284148266e+02,5.055136061614815617e+02,2.742772659741433472e+03,3.232622719829493008e+02,1.948746899088508542e+02,4.202832201773306906e+02,6.322683065789733092e+01,6.372951968470855491e+02,4.195785431026308174e+02,6.048529351892842669e+02,4.199429573817702135e+02,7.239382090414214588e+01,3.510415857852697172e+02,4.300605953845287388e+01,5.648875379422011065e+02,8.550534571048021917e+02,7.228039661266242319e+02,5.582485399063331215e+02,8.028916665800314831e+02,7.559675930923523310e+02,5.117746780034083258e+02,7.690928034859570062e+02,5.240518229194429978e+02,3.904700563300932572e+02,4.334199727977426164e+02,3.377862823042455034e+02,7.514697375708055915e+02,4.460013736688626977e+02,7.209202324749207946e+02,7.756735851649028746e+02,5.498566592587490049e+02,7.989901236701662128e+02,4.287160206168298942e+02,3.932776895287458956e+02,6.623591000637915158e+02,5.488724383960018258e+02,6.728997638987441405e+02,6.339177807776259215e+02,6.797133299328947942e+02,3.853134291483301581e+02,9.634223927503762752e+02,9.626213901282734469e+02,6.875107991272726622e+02,9.467344809242347310e+02,9.841691155262840311e+02,5.941798727394648267e+02,1.665490938428908052e+01,6.338373706427199750e+02,7.299174119323395189e+02,7.282028276503297093e+02,5.177666028828217577e+02,9.839563515048477029e+02,7.168902876028173523e+02,5.975726063702580859e+02,1.122221437526281079e+03,2.755072280789223527e+01,7.124664473294469644e+02,4.755003774507788989e+02,6.236520126605327050e+02,5.908179411305000031e+02,3.433824728470498258e+02,5.285234081422100871e+02,3.256034889312176688e+02,3.966892451937432611e+02,4.512160705572750317e+02,3.915836019866893025e+01,8.349816019510371916e+02,8.405663167815321231e+02,9.518556573371903369e+02,7.999163363450312545e+02,7.009532103941983223e+02,5.946949838959798171e+02,4.965388612866610742e+02,7.987969949445972588e+02,3.215229056016399340e+02,6.209959006828693191e+02,5.746999788918378727e+02,7.295966286206437417e+02,8.019535055772882970e+02,5.409137419460124647e+02,3.400795924103785524e+02,3.780944210869048447e+02,3.786471221038884210e+02,8.862244891070578205e+02,3.759280162537746151e+02,3.739835459152231465e+02,3.544328176072992278e+02
1.053160683428958748e+02,0.000000000000000000e+00,6.776181459104121529e+01,7.936092156255516556e+02,2.805315103884951782e+02,5.480564498351894827e+02,1.307088696291471308e+02,2.728872231590270871e+02,6.621656580973982500e+02,6.941344559958489526e+02,7.177905456458603339e+02,1.085017364337981149e+02,1.627312153484909913e+02,3.003167726915516482e+02,6.003304666444095119e+02,2.785350504587811884e+03,4.097493801207788238e+02,1.672003096640338526e+02,5.233484384967104006e+02,1.409590950961465978e+02,7.330754708866868441e+02,5.228949843293645472e+02,6.875798502991692658e+02,4.475132779905096072e+02,1.179806017990465961e+02,4.098515434912860655e+02,6.239286049362457476e+01,6.635413707357229214e+02,9.307696346871449578e+02,8.003766969785094716e+02,6.106481138804906550e+02,8.850728467771174337e+02,8.301253310751937988e+02,6.000282507672895917e+02,8.063610351841949750e+02,6.251599575868958709e+02,4.943205997866484722e+02,4.106158272925496817e+02,4.421365958985407474e+02,8.383964885808454710e+02,5.455756922403320459e+02,7.541176110670502339e+02,8.143312047850128010e+02,6.509786197016503593e+02,8.195901368438076133e+02,5.314009684450604709e+02,4.973545101820095056e+02,7.418720937177995438e+02,6.473495590893184044e+02,7.652477390889131357e+02,7.316817604601245648e+02,7.752739480172357389e+02,4.033220321333322431e+02,1.023017974046748350e+03,1.022622312825439849e+03,7.716618996601523577e+02,1.007546458884024901e+03,1.041994560406518076e+03,6.702785429000859949e+02,9.250359980961562201e+01,7.320775620987024013e+02,8.230860133087675194e+02,8.186395282742131485e+02,6.108629599423040872e+02,1.045157972368690707e+03,8.009286880780027786e+02,6.877771931869706350e+02,1.167227753704007910e+03,8.105648596899612812e+01,7.904909666968178499e+02,4.390724882002057257e+02,7.230062769869505246e+02,6.749670698267617581e+02,2.575471311507547512e+02,6.199705479290252015e+02,4.304999971114717141e+02,5.005368145257397146e+02,4.700758795553317100e+02,1.146580012065004439e+02,9.162063854853793146e+02,8.807807382444393625e+02,1.015860141051325513e+03,8.876217260920938088e+02,7.851614380235369026e+02,5.583205248553230149e+02,5.018690457944203445e+02,8.801881046110867146e+02,4.260825280135251774e+02,6.545407173464449215e+02,5.310200630901608747e+02,8.200490127082492791e+02,8.878583299422441542e+02,4.980252571838836957e+02,4.442666611625832616e+02,4.827514894921273481e+02,4.835277603831403326e+02,9.633490434529619506e+02,4.807640825064311798e+02,4.786105567535656746e+02,4.596939032497494964e+02
1.683982427994016859e+02,6.776181459104121529e+01,0.000000000000000000e+00,8.613388179410757175e+02,3.430770632461121750e+02,6.129754439877573304e+02,1.955312351572598857e+02,2.982310216360029926e+02,7.280789100741950506e+02,7.613785194588051581e+02,7.855117996481558293e+02,6.460846017517019391e+01,2.289733928061316419e+02,3.150291531572509598e+02,6.679557909324955745e+02,2.839032867651316337e+03,4.774324380924676916e+02,2.087259462426469838e+02,5.885581820076037047e+02,2.086731829791211226e+02,8.006412763968606896e+02,5.879152921350300858e+02,7.547278656657167630e+02,5.007233582685847750e+02,1.592215377649811217e+02,4.732236926300698201e+02,1.259427078096740189e+02,7.306231918949761166e+02,9.965421222961471130e+02,8.666291638260286163e+02,6.710033391798182265e+02,9.520255551753842838e+02,8.956718822941398912e+02,6.677137877121142537e+02,8.604744664346953869e+02,6.914654190456325296e+02,5.588680804581335906e+02,4.404183644841494356e+02,5.061304908616638158e+02,9.059248148258141100e+02,6.123749594943569718e+02,8.068604169163485267e+02,8.689528652017589820e+02,7.172863439156531058e+02,8.665700610982732996e+02,5.968694572044392999e+02,5.616654113323812680e+02,8.085135448679361616e+02,7.144656272324034489e+02,8.330064590289847501e+02,7.989657298570608646e+02,8.428694363962288207e+02,4.535166149219959948e+02,1.084441223426584884e+03,1.084171957433108219e+03,8.389317463111747202e+02,1.069368586493753810e+03,1.102827404676612787e+03,7.364151199930054190e+02,1.575985629579985243e+02,7.992690416215734786e+02,8.908312749328271138e+02,8.863787612665657889e+02,6.785917840159663683e+02,1.107041970805710662e+03,8.681708984054230314e+02,7.555211088373279154e+02,1.223310600210205848e+03,1.467368169985701343e+02,8.568343845965689525e+02,4.595506567858673748e+02,7.899312841813977002e+02,7.422900709375221595e+02,2.417731809192063679e+02,6.877322152026306412e+02,4.893787307327393137e+02,5.650872954816838956e+02,5.194668758243914226e+02,1.820608796518347674e+02,9.829974453905081191e+02,9.357528982918664724e+02,1.078615418801779242e+03,9.552024939154391632e+02,8.524313561034596205e+02,5.763514322311449405e+02,5.446886577325147982e+02,9.470251216595963797e+02,4.897936060009121206e+02,7.080139207717302270e+02,5.444710785895252911e+02,8.877886006612084202e+02,9.552759166533247708e+02,5.126861614563305238e+02,5.084585060189097021e+02,5.462852628295912609e+02,5.466402262474429108e+02,1.029380453497255075e+03,5.439710746830471635e+02,5.421954252622522290e+02,5.215575300399558500e+02
7.035395912772894462e+02,7.936092156255516556e+02,8.613388179410757175e+02,0.000000000000000000e+00,5.472082745889632633e+02,3.310854030659060641e+02,6.748574220467656914e+02,7.577681275963292364e+02,2.389597223069370386e+02,1.552005843069831315e+02,7.588020316425341605e+01,8.838160759768912840e+02,6.390251007318537404e+02,8.070208884409447592e+02,2.048887637508086925e+02,2.186421613620168955e+03,3.840268653615812582e+02,7.218333981452942680e+02,3.405818871522811833e+02,6.531668138208132177e+02,1.039759805386148628e+02,3.450550424586732561e+02,1.328257106337170228e+02,5.264377571958868884e+02,7.542718814061605599e+02,4.338432496084878949e+02,7.408735731587786404e+02,1.841376357625647415e+02,2.315832839653561450e+02,1.487158395266370405e+02,3.674999964582981988e+02,1.404846559280553322e+02,1.919304688090611251e+02,1.939720540138878562e+02,4.990539975576801908e+02,2.430014493426245963e+02,3.739829006815999151e+02,7.306239992334028557e+02,4.197862246578860663e+02,6.269120249610353568e+01,2.837894758625204190e+02,5.102521454235679812e+02,4.917044236482202564e+02,2.282987170612260854e+02,6.261339132306953843e+02,3.291216614908266251e+02,3.764289110947167387e+02,1.309921990463254815e+02,1.931674095325187182e+02,4.319010002276232996e+01,1.334458506666279902e+02,8.392407700523644110e+01,5.718788289378392165e+02,4.355444071887052928e+02,4.318874255426106856e+02,7.596129702180634524e+01,4.144708716974211598e+02,4.637999283498517684e+02,1.891088302626550899e+02,7.093887305145731261e+02,1.410455300830285239e+02,5.313504377715472060e+01,2.538166855365273378e+01,1.882062869943545707e+02,4.383340102335253619e+02,7.702251377155371870e+01,1.059961551416333947e+02,6.606967990797148786e+02,7.185745055730970989e+02,1.424785555395928895e+02,7.978495151130450722e+02,1.637297357437735741e+02,1.345617363315440684e+02,9.104787429487787449e+02,1.752803507784689145e+02,4.956230198478924081e+02,3.697253478289193822e+02,5.600423131531866829e+02,6.806992845924927451e+02,1.724050270472544071e+02,5.095452690173498809e+02,3.935657043592001969e+02,1.008130517595002118e+02,7.375568171724984268e+01,8.507079040816964834e+02,6.228769637472994418e+02,1.443969939301391037e+02,4.354098365804741206e+02,4.852516000513009544e+02,8.748790440631169076e+02,2.680068431473827673e+01,1.119084737207219149e+02,8.541446652831210713e+02,4.152207489827239897e+02,3.998370917469226811e+02,4.065071669967414323e+02,2.437145209627840927e+02,4.066147055808981463e+02,4.016064864395713698e+02,4.402539915760465306e+02
2.320025548831604567e+02,2.805315103884951782e+02,3.430770632461121750e+02,5.472082745889632633e+02,0.000000000000000000e+00,3.913690117170511371e+02,2.116829824404261160e+02,2.309298521701891787e+02,4.786029307865003375e+02,4.817608586009299643e+02,4.725432488462989227e+02,3.488043732754394455e+02,1.865972586685521719e+02,2.843296424805413380e+02,3.799028496013508516e+02,2.512434443499061672e+03,1.834547676231867399e+02,1.746407005285369962e+02,3.658332527619603525e+02,1.690608240880312962e+02,5.085556995225430796e+02,3.683182580618557722e+02,4.273314919920672423e+02,1.929480702955187610e+02,3.039493103734459396e+02,1.303788604392650541e+02,2.494251175072331250e+02,4.571046605455989607e+02,6.572111270843591910e+02,5.300093073892420534e+02,3.309654163463158056e+02,6.200977971809547853e+02,5.558231765825238426e+02,3.565642473159721817e+02,5.371185021003396969e+02,4.377754136237839475e+02,3.513190333900728319e+02,2.800866464204482327e+02,3.176153007577929088e+02,5.831230925057328704e+02,3.558991486759744021e+02,4.891062371056804636e+02,5.438013283361983667e+02,4.614936760190972223e+02,5.707617232185347120e+02,3.686479975573014940e+02,3.570940933610740444e+02,4.749809511187395401e+02,4.410932147858245003e+02,5.266069887059801431e+02,5.164009409145855898e+02,5.480091740898316175e+02,1.701073387209009411e+02,7.425074007225681498e+02,7.420974418009760711e+02,5.120474794767422964e+02,7.270179163059065104e+02,7.616457904409138564e+02,4.000581294873022102e+02,2.267551866123701814e+02,5.192249954705476966e+02,5.852776184475588934e+02,5.725745559410200940e+02,3.826802773585474711e+02,7.646350432699297244e+02,5.404972316131514845e+02,4.454919993739173378e+02,8.921232333680493412e+02,2.297384408227368908e+02,5.208122020671582959e+02,3.429669896484836613e+02,5.168541450437691083e+02,4.179514695024575417e+02,3.664017705714481963e+02,3.852399649019690742e+02,3.635399913603952768e+02,3.563967137152518490e+02,2.303598936197529383e+02,1.940050824904956244e+02,6.494088235877393345e+02,6.089511730995907328e+02,7.356378449831901207e+02,6.331497116240173000e+02,5.253698688540027888e+02,4.476018214825276686e+02,2.884393255950226944e+02,6.140510031629190735e+02,3.093443773504278624e+02,3.892991269573611248e+02,4.447638237248574455e+02,5.739907022940946035e+02,6.295283444898636844e+02,4.130906996646189100e+02,3.165508472143036443e+02,3.553731439682896394e+02,3.611589065394242084e+02,6.910018814672375811e+02,3.578035493891366627e+02,3.514093666725356115e+02,3.565498679943220850e+02
4.446113379657151086e+02,5.480564498351894827e+02,6.129754439877573304e+02,3.310854030659060641e+02,3.913690117170511371e+02,0.000000000000000000e+00,4.176140654082809078e+02,6.208457072889707433e+02,1.200575688022480421e+02,1.824858224488473013e+02,2.729899024218681802e+02,6.528710410325164730e+02,3.856810124568893912e+02,6.742909342698500268e+02,1.469566487272808502e+02,2.509768656742322946e+03,2.185394728902457189e+02,5.401059506705352078e+02,2.605617462405962925e+01,4.135183447785591966e+02,2.343284485718439782e+02,2.528984863191250199e+01,3.058814857234107194e+02,4.932905290117529375e+02,4.754928358504045036e+02,3.516685814388089284e+02,4.871036891126369142e+02,1.498149457386959398e+02,5.479822514968863061e+02,4.266501121932906244e+02,4.557171788186706181e+02,4.657837562235003475e+02,4.734853378801432200e+02,2.099494072134862961e+02,6.738346004082684431e+02,9.303375753519928537e+01,5.488812264788563766e+01,6.589168663614703974e+02,1.088946728181298340e+02,3.925193214227224416e+02,7.030037595626149027e+01,6.554064006354007006e+02,6.725639233354340831e+02,1.159833331618860797e+02,7.710913978380478966e+02,2.357672305985897410e+01,5.360285481099458593e+01,3.680848192533130714e+02,1.384044229895746412e+02,2.894434000174514381e+02,2.170085455417891183e+02,2.733670625857967593e+02,5.111621672892103447e+02,7.272233470466254630e+02,7.244920163197414240e+02,3.571504347106374553e+02,7.064982297844602499e+02,7.542756890023495089e+02,3.434105182702677439e+02,4.557666347313758024e+02,2.136048909123771011e+02,3.341338482621667367e+02,3.500436102987571303e+02,1.700387272746232554e+02,7.373020351667366867e+02,3.816080179921692093e+02,2.456374927767970746e+02,9.388702848085217738e+02,4.670384014035511768e+02,4.157260679152049647e+02,7.260493265422564946e+02,1.966502006604808628e+02,2.865101903572707442e+02,7.364653958705758896e+02,1.908806024708139262e+02,1.677356288480684157e+02,4.878717790837187351e+01,5.394307540919994608e+02,4.356789741835326595e+02,4.993898803926745131e+02,7.172585808572291626e+02,6.948006586237769397e+02,4.304765710432965875e+02,3.675401873849260141e+02,8.178289443324047170e+02,6.123809665776560678e+02,4.668820378479180704e+02,1.260234958344393732e+02,5.824508902551815481e+02,8.239722576315158449e+02,3.511650810288858793e+02,4.429725014086432680e+02,7.945441798365740169e+02,1.058039932423335898e+02,7.473210498377081024e+01,7.917275739048999128e+01,5.675956891363140357e+02,8.024727600056276344e+01,7.781171844722193498e+01,1.132180485520436832e+02
2.870253803382260571e+01,1.307088696291471308e+02,1.955312351572598857e+02,6.748574220467656914e+02,2.116829824404261160e+02,4.176140654082809078e+02,0.000000000000000000e+00,3.132749897622567232e+02,5.325857073346209063e+02,5.677911214709971546e+02,5.995254682900907710e+02,2.376443938436863448e+02,3.589613718355829519e+01,3.562792336058193428e+02,4.768516037954705098e+02,2.719523758067158269e+03,2.949107720150266800e+02,1.968320512322776494e+02,3.930810368136587272e+02,4.416783625317000883e+01,6.086971319302247139e+02,3.925048942075682703e+02,5.766045977263651139e+02,4.022556680416302584e+02,9.356437587799275946e+01,3.269603571117932574e+02,6.959210687436714693e+01,5.365538716922700360e+02,8.273837053389111134e+02,6.949943721956065019e+02,5.345431953355068799e+02,7.746176547082802699e+02,7.285278788742175493e+02,4.831837566079274779e+02,7.478775389904637905e+02,4.961811689395622125e+02,3.637156334853020780e+02,4.284454412704430979e+02,3.114294316647607275e+02,7.228955441211919606e+02,4.177777923753665164e+02,7.006545054925064733e+02,7.541637572790901913e+02,5.219959773246349641e+02,7.812890497222812201e+02,4.013432175174267513e+02,3.666899215012715558e+02,6.343804675748535828e+02,5.205113496716941199e+02,6.441980823772538542e+02,6.054869178827223095e+02,6.511068756486868097e+02,3.702640731402664755e+02,9.378897960717904425e+02,9.370256206436172306e+02,6.591192391398481050e+02,9.210234165816425502e+02,9.589040153290246735e+02,5.666267054797583569e+02,3.821145500290664643e+01,6.054625840795594058e+02,7.012264318417282993e+02,6.995124051082869983e+02,4.890667408206835489e+02,9.581599908959210552e+02,6.884984905930813284e+02,5.688951005816453517e+02,1.099069752520757675e+03,4.973203806139616745e+01,6.846142897804513723e+02,4.738888647865944108e+02,5.954366822791961340e+02,5.624605442595590148e+02,3.580979196895595464e+02,4.998276042343892414e+02,3.032088783833975754e+02,3.699338147554053648e+02,4.353637737376164409e+02,3.274718154919773383e+01,8.067777319781330334e+02,8.186356645499191700e+02,9.256587234570238252e+02,7.713009879372049227e+02,6.725537011959014535e+02,5.922684924407562903e+02,4.836790323223850123e+02,7.705893482453848264e+02,2.953830232435860808e+02,6.009329525282028044e+02,5.744688879498845608e+02,7.009058876293361209e+02,7.734251841082676719e+02,5.406570865017092729e+02,3.135759980792682882e+02,3.520629442359352197e+02,3.529199176242224212e+02,8.583919309232684327e+02,3.501340231742240121e+02,3.479167550374498887e+02,3.296543462950205594e+02
3.120179816741680270e+02,2.728872231590270871e+02,2.982310216360029926e+02,7.577681275963292364e+02,2.309298521701891787e+02,6.208457072889707433e+02,3.132749897622567232e+02,0.000000000000000000e+00,7.093384174897954608e+02,7.086829680198833330e+02,6.860070308066614189e+02,2.596856410501237633e+02,3.150720855482624074e+02,5.347054996808377325e+01,6.066423759585617290e+02,2.570354595803485608e+03,4.137576730811913990e+02,1.171456709410072676e+02,5.950588007742493346e+02,2.777418653032565885e+02,7.314378860947095973e+02,5.972235661497519459e+02,6.296060729583238071e+02,2.669954325917087772e+02,3.702553799133011125e+02,3.240452073277231761e+02,2.940171349496520747e+02,6.855765197148369907e+02,8.285254180890015050e+02,7.130309980156945358e+02,4.644953780583286402e+02,8.092917690439854823e+02,7.286709953191456179e+02,5.751030375895419411e+02,6.071651200693262354e+02,6.684835273803748805e+02,5.781413580498477813e+02,1.427317782292275297e+02,5.394370541662075311e+02,7.851762298119176648e+02,5.867959966914007737e+02,5.493558640332370260e+02,6.176748243783157477e+02,6.919679113176856617e+02,5.886010846980387896e+02,5.984711737684689297e+02,5.835763252685289899e+02,6.664107731204236416e+02,6.697950667680634069e+02,7.426555420503881351e+02,7.420739757830218650e+02,7.690944828825927289e+02,2.117655629938106756e+02,8.671095116551630326e+02,8.678264804130089942e+02,7.117079204051034367e+02,8.555757595800846502e+02,8.806504208971532535e+02,5.895371713415008799e+02,2.966601200230746258e+02,7.454958839980286029e+02,8.004886366375893658e+02,7.827364496543983705e+02,6.070571865141895387e+02,8.927699996960269573e+02,7.382407948241067288e+02,6.616358329693835003e+02,9.716614441202566468e+02,2.896968907833277171e+02,7.055332901894157658e+02,1.666548585285344473e+02,7.446632794843541205e+02,6.239793330440915042e+02,1.663281459720558360e+02,6.070416500451378852e+02,5.705340876069025171e+02,5.835338174094556507e+02,2.645350948492221050e+02,2.807278773468790973e+02,8.348871383347927804e+02,6.842662371992880708e+02,8.725272533502510441e+02,8.346921306711533362e+02,7.243687514497619304e+02,2.863585952547934426e+02,2.648909671727686828e+02,8.016342498581516338e+02,5.287749622842412691e+02,4.576258401598130376e+02,2.630050546930251016e+02,7.841227312519450834e+02,8.270925628224648563e+02,2.293026234749718526e+02,5.390975182511029971e+02,5.792545779364320424e+02,5.841159879332798255e+02,8.643545047776008232e+02,5.807836922079247870e+02,5.751244684870991932e+02,5.744861529930815323e+02
5.601929739012065284e+02,6.621656580973982500e+02,7.280789100741950506e+02,2.389597223069370386e+02,4.786029307865003375e+02,1.200575688022480421e+02,5.325857073346209063e+02,7.093384174897954608e+02,0.000000000000000000e+00,8.454354563213394158e+01,2.005247882407533098e+02,7.650523173556190386e+02,4.994392518442993492e+02,7.626037316942428106e+02,1.279508134368636405e+02,2.425168024322401379e+03,2.956965277912433976e+02,6.393349681722037303e+02,1.414941157018606930e+02,5.247543636762840151e+02,1.351141415653522984e+02,1.432821756093958925e+02,2.593319896587828453e+02,5.449077503445915909e+02,5.942404574505626442e+02,4.112328783317229295e+02,6.021709811245680157e+02,6.387511990867616873e+01,4.684132636383821477e+02,3.615896477871226580e+02,4.621940257492709634e+02,3.792384543875265877e+02,4.094417425715715808e+02,1.950600592593820863e+02,6.591670759179243078e+02,4.087269200829153704e+01,1.745024534436322767e+02,7.287962320720040452e+02,2.284070174661468968e+02,3.015725935357230014e+02,1.232527903567390268e+02,6.512405590220338354e+02,6.555483752119804421e+02,2.127357285269075149e+01,7.700807803207735560e+02,1.320568699347617780e+02,1.736390383230732084e+02,3.118031129024668644e+02,6.710283622897513567e+01,1.957849125075409802e+02,1.090771221421465782e+02,1.669617069657700199e+02,5.728392630687920928e+02,6.636938429276231091e+02,6.604422266923572806e+02,2.844048164686915925e+02,6.425722074101465751e+02,6.916437357302042983e+02,3.126317856791350209e+02,5.704891382331477416e+02,1.033613907462736137e+02,2.290962723484445007e+02,2.530199821232915554e+02,1.439108853018425691e+02,6.698582678902179168e+02,3.033073234309200075e+02,1.823794664499116891e+02,8.841399411752931883e+02,5.814878141142879713e+02,3.516738220212994861e+02,7.974164293435369473e+02,8.259896823408261923e+01,2.418651769276619632e+02,8.366379586749885675e+02,1.605385287256212337e+02,2.839794046290465417e+02,1.685512506718334862e+02,5.889154202983240793e+02,5.484332149296130865e+02,4.113631056612197199e+02,6.909214213825497382e+02,6.257149223827867672e+02,3.321006599176558893e+02,2.918572136312315024e+02,8.788334584295495233e+02,6.612115131274280202e+02,3.824781045652164266e+02,2.456031224753851347e+02,5.929154460171640721e+02,8.906919373495287573e+02,2.539050451791402452e+02,3.484476837837592598e+02,8.634405859244908470e+02,2.250251721346500062e+02,1.944275515277768989e+02,1.980048161737046257e+02,4.825481982573481901e+02,1.994654395812794121e+02,1.976916777621584060e+02,2.313085135614367971e+02
5.962105687311607198e+02,6.941344559958489526e+02,7.613785194588051581e+02,1.552005843069831315e+02,4.817608586009299643e+02,1.824858224488473013e+02,5.677911214709971546e+02,7.086829680198833330e+02,8.454354563213394158e+01,0.000000000000000000e+00,1.185934405192688672e+02,7.926371819307804572e+02,5.329966206001087130e+02,7.610513093407661245e+02,1.020594044991557467e+02,2.341604791176531762e+03,3.002797581589875904e+02,6.509795332202239706e+02,1.967208999734272084e+02,5.537951263755148830e+02,5.269482924714652228e+01,2.003474945248693757e+02,1.855676121494984727e+02,5.171719755613577263e+02,6.379855411116668620e+02,3.943004081058261932e+02,6.366366927124795438e+02,3.323882989850402225e+01,3.838827726003007683e+02,2.787779569997682074e+02,4.078505649550921817e+02,2.950820128489122567e+02,3.264904143955853328e+02,1.487629543988400656e+02,5.904313191830376581e+02,9.032997336269150424e+01,2.312653862428717275e+02,7.113108896915160813e+02,2.820114275459865780e+02,2.178915076732609748e+02,1.515994724526958350e+02,5.874958521962574878e+02,5.858222970447724265e+02,7.318724653118701440e+01,7.066299221145609408e+02,1.854841498704326739e+02,2.324307005510594024e+02,2.321192711969087554e+02,4.793029078977865254e+01,1.120484059237366239e+02,3.774071025987229433e+01,9.099636772150977038e+01,5.518576252724483311e+02,5.800098615392688544e+02,5.766956910425133174e+02,2.007892723346793957e+02,5.588710932006646317e+02,6.080356860692385226e+02,2.439727641773524454e+02,6.046858560136444112e+02,3.818948969817672889e+01,1.517515194487572501e+02,1.708827968509234267e+02,1.041901133103619941e+02,5.857223780485049929e+02,2.188975274461632523e+02,1.056784924060411157e+02,8.014901936391215713e+02,6.150264436831641888e+02,2.691734090656147487e+02,7.802256778077730814e+02,3.792401439895934345e+01,1.701736203217893433e+02,8.469651613959030101e+02,1.113716514237360826e+02,3.500784800971755431e+02,2.261696499362783754e+02,5.585504079691805828e+02,5.794764621655498331e+02,3.274866052035143866e+02,6.171011401600062527e+02,5.414787992554757921e+02,2.509703133190949984e+02,2.077462965236169907e+02,8.525013583877604333e+02,6.289142115915966542e+02,2.981109889489583793e+02,2.987789952890989866e+02,5.377385779835965423e+02,8.686948389498329561e+02,1.718714501077657530e+02,2.659049450722966981e+02,8.434724376195410969e+02,2.778612681398029167e+02,2.553978452644051913e+02,2.609440903489280004e+02,3.983883698691046789e+02,2.616104654501284585e+02,2.578335012289597898e+02,2.951342282126395844e+02
6.281897655838985202e+02,7.177905456458603339e+02,7.855117996481558293e+02,7.588020316425341605e+01,4.725432488462989227e+02,2.729899024218681802e+02,5.995254682900907710e+02,6.860070308066614189e+02,2.005247882407533098e+02,1.185934405192688672e+02,0.000000000000000000e+00,8.079844020260314892e+02,5.636657147410718380e+02,7.359500267455601943e+02,1.353993026831020643e+02,2.237033361461016739e+03,3.081604247813802431e+02,6.470713061197006937e+02,2.786843070823571793e+02,5.774170702100434482e+02,8.476851154998836080e+01,2.835939829783532105e+02,7.926796757131023696e+01,4.624159683696942693e+02,6.797992964791898203e+02,3.620193632335160032e+02,6.652776382652401708e+02,1.379271385431121644e+02,2.752123466733343093e+02,1.611010847649888831e+02,3.191606256044380530e+02,1.940084504807991550e+02,2.089740506517284757e+02,1.181098077420372334e+02,4.800525180813448856e+02,1.930214410071738200e+02,3.106113601662096357e+02,6.651868354381832660e+02,3.530674798291174170e+02,1.266350195408733299e+02,2.180384972042852212e+02,4.826255591324197098e+02,4.744655753826817772e+02,1.848639126530046894e+02,6.011116105834432801e+02,2.673986446082365092e+02,3.137959425773707949e+02,1.141403479024065746e+02,1.415834996031441051e+02,5.837815445923256163e+01,1.162435126147873063e+02,9.928455401335610020e+01,5.053676268192576799e+02,4.636342200341554189e+02,4.604689546760358780e+02,8.534462554792666822e+01,4.425471526752210707e+02,4.914821829549102290e+02,1.418105457582937561e+02,6.338491173713987337e+02,1.245202312435633303e+02,1.145798264018971651e+02,1.010991379068799745e+02,1.162075272547451164e+02,4.707158324165154113e+02,1.086188771708709595e+02,3.118217077102075407e+01,6.836321488772043722e+02,6.429597149917186698e+02,1.511498684617834556e+02,7.331322446188058848e+02,1.435712135524178450e+02,7.177124286785044660e+01,8.368589426018800168e+02,1.010831659886942049e+02,4.323375293291647381e+02,3.069508579622941511e+02,4.985942486400553548e+02,6.050026521720652681e+02,2.278900728571811953e+02,5.018900798584345466e+02,4.269992297095571416e+02,1.727120496743395961e+02,9.479693898715692058e+01,7.918993151111213820e+02,5.643025245453176240e+02,1.943538585947172805e+02,3.679763586161257081e+02,4.442351158103029434e+02,8.136771403937488003e+02,1.025170340885425162e+02,1.784946325456462546e+02,7.915547612971005265e+02,3.483808453764271462e+02,3.370557512773423241e+02,3.443777123297646199e+02,2.947917499924129174e+02,3.440965554049554953e+02,3.383677469026357585e+02,3.773154440163020240e+02
2.134593102090938430e+02,1.085017364337981149e+02,6.460846017517019391e+01,8.838160759768912840e+02,3.488043732754394455e+02,6.528710410325164730e+02,2.376443938436863448e+02,2.596856410501237633e+02,7.650523173556190386e+02,7.926371819307804572e+02,8.079844020260314892e+02,0.000000000000000000e+00,2.674514161438315227e+02,2.676762515644434188e+02,6.962553557002253228e+02,2.820511075021463967e+03,5.006749754933383088e+02,1.913630092228885644e+02,6.277856927897454398e+02,2.403173948469107586e+02,8.292525115282569459e+02,6.276159278646654229e+02,7.714984829886358284e+02,4.871904052083554575e+02,2.184362036168030272e+02,4.785394269085855967e+02,1.707584476761709311e+02,7.629031838227921298e+02,1.006013099561496233e+03,8.784053870043501320e+02,6.677505723261090225e+02,9.669814370260048690e+02,9.046110973269566102e+02,6.898808296507810383e+02,8.454017455334545730e+02,7.271982725356141373e+02,5.997242107432103921e+02,4.021183099398139120e+02,5.482514829822981710e+02,9.252577689492632089e+02,6.463506573978551160e+02,7.900393230234255952e+02,8.546135888429392935e+02,7.529587252953476764e+02,8.418956036251690875e+02,6.353989416611358365e+02,6.030261190074069191e+02,8.222633529720629895e+02,7.465950533209863806e+02,8.578526928583580684e+02,8.298841758839492968e+02,8.710586705930055587e+02,4.365692103465642617e+02,1.081644105691400227e+03,1.081654239250424098e+03,8.562418999875660575e+02,1.067500385655202535e+03,1.098713653918359796e+03,7.482182019762237815e+02,1.997570272802388729e+02,8.307715539518840160e+02,9.162505231246424273e+02,9.090825806859066915e+02,7.050996106016491467e+02,1.105215961781997294e+03,8.851947063538561906e+02,7.787483032106268865e+02,1.210159582736917400e+03,1.880244913859977203e+02,8.690367520391272365e+02,4.135698604134871630e+02,8.228960785339774020e+02,7.603314769404124718e+02,1.798835426885293032e+02,7.125991620885962448e+02,5.389385476126100230e+02,6.059241320364886860e+02,5.004793150074079904e+02,2.171921604586815704e+02,9.969837078818310374e+02,9.216772772924806532e+02,1.078919226289174276e+03,9.750004558205166632e+02,8.697006113660557958e+02,5.275208453204264742e+02,5.175751877320565200e+02,9.613487856190774892e+02,5.324941295129534637e+02,6.928434080198119318e+02,4.929561179921397525e+02,9.105007679004448846e+02,9.734388568394666663e+02,4.621833626216502466e+02,5.501769917023286780e+02,5.892099719907090503e+02,5.903225393555301252e+02,1.039778165745662363e+03,5.874913586208728020e+02,5.850320051176159950e+02,5.672826390200416427e+02
6.452441631650623322e+01,1.627312153484909913e+02,2.289733928061316419e+02,6.390251007318537404e+02,1.865972586685521719e+02,3.856810124568893912e+02,3.589613718355829519e+01,3.150720855482624074e+02,4.994392518442993492e+02,5.329966206001087130e+02,5.636657147410718380e+02,2.674514161438315227e+02,0.000000000000000000e+00,3.612139770666523759e+02,4.413981156630313762e+02,2.688653790840165129e+03,2.591075345748091650e+02,2.016466037710770252e+02,3.608059671755212321e+02,3.806865827420978832e+01,5.734430206617564636e+02,3.604672723228604809e+02,5.408497036677749747e+02,3.791809376455377674e+02,1.257916050558293222e+02,2.960013202629005491e+02,1.036413329845039613e+02,5.019603088660182948e+02,7.920737212092558366e+02,6.595728226327196353e+02,5.036562992697587902e+02,7.388407078377180142e+02,6.934359960694179108e+02,4.472882539782555682e+02,7.197423756606472125e+02,4.625539347567000164e+02,3.323075958159754464e+02,4.214257417359165743e+02,2.808722737571986841e+02,6.869994070233684624e+02,3.834682561515193697e+02,6.737038779002569981e+02,7.256729737337307142e+02,4.883752559639380593e+02,7.573554151096233227e+02,3.687400123183369374e+02,3.355761797584908095e+02,5.988226851012117322e+02,4.858605078780213944e+02,6.085087883712011489e+02,5.706594643273277825e+02,6.158247262086468936e+02,3.507513188086000469e+02,9.047159865814305704e+02,9.037839477344197121e+02,6.232783343115050911e+02,8.876613338183958604e+02,9.260153267094294733e+02,5.314517029050963401e+02,7.169121084515590780e+01,5.707629618481149691e+02,6.656274033130172256e+02,6.637007743413145135e+02,4.534069556757468717e+02,9.246993869165539763e+02,6.526570572964294570e+02,5.330541782282662098e+02,1.068500851584311476e+03,8.224151614079030992e+01,6.491573334613956376e+02,4.708419636712507668e+02,5.610824462678190230e+02,5.266394684055104563e+02,3.759142330422915848e+02,4.640379249577459859e+02,2.794227187622988140e+02,3.385120890270206360e+02,4.144871638293355431e+02,5.089445341691430258e+01,7.710452099338020844e+02,7.896009265147484939e+02,8.917812910361823242e+02,7.354103675216849751e+02,6.367087177534579041e+02,5.877109698591158349e+02,4.664006915653159808e+02,7.348551995087992736e+02,2.652751716012495535e+02,5.743585462956057199e+02,5.727201306736477591e+02,6.650952442209452329e+02,7.375336981533109793e+02,5.390034498926946753e+02,2.827448213542060103e+02,3.219685680372590468e+02,3.233529525400896887e+02,8.229405746633721037e+02,3.204592903535249206e+02,3.177714835529282595e+02,3.017898619728463814e+02
3.521340482284148266e+02,3.003167726915516482e+02,3.150291531572509598e+02,8.070208884409447592e+02,2.843296424805413380e+02,6.742909342698500268e+02,3.562792336058193428e+02,5.347054996808377325e+01,7.626037316942428106e+02,7.610513093407661245e+02,7.359500267455601943e+02,2.676762515644434188e+02,3.612139770666523759e+02,0.000000000000000000e+00,6.590543089324355606e+02,2.583199925816033556e+03,4.669614105197886147e+02,1.598645206054010259e+02,6.484934673271545762e+02,3.233790094789162595e+02,7.830026023842763152e+02,6.506399858255040272e+02,6.778428479817010839e+02,3.052618088447024434e+02,4.055032049820921429e+02,3.740076220164759206e+02,3.296810558995412634e+02,7.382769004805290933e+02,8.702823846652614748e+02,7.575414946161762373e+02,5.035560425431658018e+02,8.544753074443121932e+02,7.712676208083418032e+02,6.261778737544849491e+02,6.316735330880031825e+02,7.217417327856862812e+02,6.314143267035725557e+02,1.458039985958182001e+02,5.923042960841819422e+02,8.328068045270158564e+02,6.401454990114904149e+02,5.730448535954873250e+02,6.427720361631864989e+02,7.451464710923497705e+02,6.023767139658893939e+02,6.519320741814141229e+02,6.368196081800821275e+02,7.126403863066154827e+02,7.225516062038973359e+02,7.929384424047104858e+02,7.941691311406239038e+02,8.202743859935981163e+02,2.505766178758607907e+02,8.995462554758895521e+02,9.004838160493127361e+02,7.591582908915557937e+02,8.888846198526949820e+02,9.118633498408335072e+02,6.359093764406243281e+02,3.361591921810673966e+02,7.977084564317879085e+02,8.505143491776906330e+02,8.318591782600511806e+02,6.590458219789748000e+02,9.257392123988992125e+02,7.852509426531947838e+02,7.121021203590840969e+02,9.939979017616150259e+02,3.281253558762491025e+02,7.503856041811742443e+02,1.459040478781890329e+02,7.971946806230351967e+02,6.728602126175882177e+02,1.376206620629782265e+02,6.585869676466522833e+02,6.217758936385855577e+02,6.368294845274276668e+02,2.962075969920448983e+02,3.235336508271025195e+02,8.792788341532942695e+02,7.086123725705905372e+02,9.073743063690944837e+02,8.820879399993286825e+02,7.716542914796929153e+02,2.613226258822044770e+02,2.842450518714093164e+02,8.465503717244978361e+02,5.814343536667449825e+02,4.853449948109530396e+02,2.309726434480960222e+02,8.332368559260506800e+02,8.737679920194912029e+02,1.983850102522543182e+02,5.920310560929184476e+02,6.322723796988384493e+02,6.370428317024517355e+02,9.063290031613350948e+02,6.337157481328631548e+02,6.281302478791569683e+02,6.269220123869292820e+02
5.055136061614815617e+02,6.003304666444095119e+02,6.679557909324955745e+02,2.048887637508086925e+02,3.799028496013508516e+02,1.469566487272808502e+02,4.768516037954705098e+02,6.066423759585617290e+02,1.279508134368636405e+02,1.020594044991557467e+02,1.353993026831020643e+02,6.962553557002253228e+02,4.413981156630313762e+02,6.590543089324355606e+02,0.000000000000000000e+00,2.366106451296659543e+03,1.994511294912963137e+02,5.499896414784677745e+02,1.473453744687115829e+02,4.594129613342573180e+02,1.330027910370779693e+02,1.526335129349469923e+02,1.589258412582526887e+02,4.218086819549439497e+02,5.524443120729476959e+02,2.941474582147768047e+02,5.446324834600043232e+02,8.147682853836742822e+01,4.057983834207897758e+02,2.809398995460480251e+02,3.355047017755661614e+02,3.288031315561629526e+02,3.272690892773570681e+02,6.989913868179790768e+01,5.400523630235019255e+02,9.566983993483655979e+01,1.772846067243940809e+02,6.121172999904157450e+02,2.177731235180684735e+02,2.614228092856347985e+02,8.405167810691388297e+01,5.280927575971846863e+02,5.374806207694831528e+02,1.066840367545677992e+02,6.463245327497699009e+02,1.365752205532130290e+02,1.810664339734327939e+02,2.214106429379911276e+02,6.757244244695566238e+01,1.693336907377781699e+02,1.366613083178407919e+02,1.749924464054695363e+02,4.535710354558779045e+02,5.804027963860911541e+02,5.777107265508749379e+02,2.152235144041534909e+02,5.597240373138861287e+02,6.073873408941938123e+02,1.995999131916337035e+02,5.127749374393185917e+02,1.393221634512418063e+02,2.248656611102698264e+02,2.278892818793460151e+02,2.308749552375888214e+01,5.908562421457912706e+02,2.417610074828400286e+02,1.050479932561497094e+02,7.922258128490973377e+02,5.226371103327913943e+02,2.698982637540789824e+02,6.810300699277859167e+02,1.383198998231401617e+02,1.395575000478535799e+02,7.455117667259968357e+02,4.396502346275858031e+01,2.982728679585521263e+02,1.741865212302890882e+02,4.647297453923235366e+02,4.859523037168463588e+02,3.627314752430764315e+02,5.778094976162417424e+02,5.486811978020140259e+02,3.053742911558680362e+02,2.267281314040451718e+02,7.570284544118853773e+02,5.363824605092188449e+02,3.284707608963612415e+02,2.325824434894900037e+02,4.660500889959146775e+02,7.713206637825744565e+02,2.292132813711766630e+02,3.132604590939267837e+02,7.452926265616459887e+02,2.130676007052379362e+02,2.039314967055705381e+02,2.117231797084642437e+02,4.279824563552801351e+02,2.111174378330296975e+02,2.048727597630496007e+02,2.437481127513189563e+02
2.742772659741433472e+03,2.785350504587811884e+03,2.839032867651316337e+03,2.186421613620168955e+03,2.512434443499061672e+03,2.509768656742322946e+03,2.719523758067158269e+03,2.570354595803485608e+03,2.425168024322401379e+03,2.341604791176531762e+03,2.237033361461016739e+03,2.820511075021463967e+03,2.688653790840165129e+03,2.583199925816033556e+03,2.366106451296659543e+03,0.000000000000000000e+00,2.458954781172206822e+03,2.632045193804462087e+03,2.513337555328768303e+03,2.679584011057935641e+03,2.290063101061068664e+03,2.518537124473540644e+03,2.211357361280578516e+03,2.338501090291464607e+03,2.813088012321971746e+03,2.392732538694876439e+03,2.761682157805186762e+03,2.369480762557882372e+03,1.961840331963803465e+03,2.085677551175065219e+03,2.185056533324625889e+03,2.046878875593600696e+03,2.040591070426248734e+03,2.315881568856163994e+03,1.979023308431760142e+03,2.427700877591872541e+03,2.543020909378891247e+03,2.437401721878119133e+03,2.577652221146326610e+03,2.123734972943256707e+03,2.449982641332931507e+03,2.032174549906177617e+03,1.971034728805837631e+03,2.414595028584608372e+03,1.981856942491525842e+03,2.502379581273101394e+03,2.547059933355139037e+03,2.146984457180722075e+03,2.376542101712325348e+03,2.229603085503101283e+03,2.317360602923691204e+03,2.260951376184787023e+03,2.385834289915369482e+03,1.796389131186862869e+03,1.798219002244189141e+03,2.152622070341706149e+03,1.815668283283046094e+03,1.772018656982778111e+03,2.191819480600958741e+03,2.738865470089963765e+03,2.324105132521181531e+03,2.200258856777699293e+03,2.172438381476522409e+03,2.343692241086789181e+03,1.781170233218263320e+03,2.128510022508680777e+03,2.264169017647762757e+03,1.620551984713969887e+03,2.742169790007744723e+03,2.096818294343357593e+03,2.454989848078040268e+03,2.346550302265894970e+03,2.230365958758534362e+03,2.719161815895902691e+03,2.323725033187094596e+03,2.662113986758186911e+03,2.540186887046493212e+03,2.320609553283604782e+03,2.705859858926846300e+03,2.014154338993149622e+03,1.904729966584004842e+03,1.820730922312994153e+03,2.094836254629683935e+03,2.142308572095342697e+03,2.379694684374261669e+03,2.305744927455746620e+03,2.044614086178497473e+03,2.589852964881360549e+03,2.131174988735386705e+03,2.427797514962786863e+03,2.171613108594048754e+03,2.077038989648238385e+03,2.442916685043080633e+03,2.572848046870906728e+03,2.569666335062247981e+03,2.577662888998096605e+03,1.943802641955482386e+03,2.576907641985719692e+03,2.570323985269485092e+03,2.608867608603887220e+03
