0.0,138.17666666666668,108.2425,66.21916666666667,230.3625,200.2477777777778,247.04194444444448,246.04416666666665,174.56027777777777
138.17666666666668,0.0,69.55527777777779,95.80749999999998,171.29722222222222,137.55694444444444,187.97666666666666,186.9388888888889,93.6388888888889
108.2425,69.55527777777779,0.0,60.096666666666664,150.43833333333333,120.32361111111112,167.1177777777778,166.23611111111111,113.12194444444445
66.21916666666667,95.80749999999998,60.096666666666664,0.0,182.27055555555557,152.15583333333333,198.95000000000002,197.9466666666667,139.49444444444444
230.3625,171.29722222222222,150.43833333333333,182.27055555555557,0.0,154.25333333333333,109.61416666666666,108.75444444444443,191.0944444444444
200.2477777777778,137.55694444444444,120.32361111111112,152.15583333333333,154.25333333333333,0.0,146.62611111111113,146.64138888888888,132.01027777777776
247.04194444444448,187.97666666666666,167.1177777777778,198.95000000000002,109.61416666666666,146.62611111111113,0.0,58.67416666666667,207.7738888888889
246.04416666666665,186.9388888888889,166.23611111111111,197.9466666666667,108.75444444444443,146.64138888888888,58.67416666666667,0.0,206.81999999999996
174.56027777777777,93.6388888888889,113.12194444444445,139.49444444444444,191.0944444444444,132.01027777777776,207.7738888888889,206.81999999999996,0.0
